image_width: 640
image_height: 480
camera_name: usb_camera
camera_matrix:
  rows: 3
  cols: 3
  data: [629.0473414824329, 0, 324.2285083405862, 0, 644.0563931098773, 218.8434526095901, 0, 0, 1]
distortion_model: plumb_bob
distortion_coefficients:
  rows: 1
  cols: 5
  data: [-0.1412587600216559, 0.3369884775211342, -0.001846214634933006, 0.005980216160747841, 0]
rectification_matrix:
  rows: 3
  cols: 3
  data: [1, 0, 0, 0, 1, 0, 0, 0, 1]
projection_matrix:
  rows: 3
  cols: 4
  data: [627.4188232421875, 0, 326.6609913932189, 0, 0, 643.985107421875, 218.276051304143, 0, 0, 0, 1, 0]