# oST version 5.0 parameters


[image]

width
1280

height
720

[narrow_stereo]

camera matrix
1404.080918 0.000000 699.293037
0.000000 1403.448412 375.998352
0.000000 0.000000 1.000000

distortion
0.048843 0.085049 0.003732 0.010044 0.000000

rectification
1.000000 0.000000 0.000000
0.000000 1.000000 0.000000
0.000000 0.000000 1.000000

projection
1428.223511 0.000000 705.511665 0.000000
0.000000 1433.855957 377.103236 0.000000
0.000000 0.000000 1.000000 0.000000
