image_width: 1280
image_height: 720
camera_name: narrow_stereo
camera_matrix:
  rows: 3
  cols: 3
  data: [1404.08092,    0.     ,  699.29304,
            0.     , 1403.44841,  375.99835,
            0.     ,    0.     ,    1.     ]
distortion_model: plumb_bob
distortion_coefficients:
  rows: 1
  cols: 5
  data: [0.048843, 0.085049, 0.003732, 0.010044, 0.000000]
rectification_matrix:
  rows: 3
  cols: 3
  data: [1., 0., 0.,
         0., 1., 0.,
         0., 0., 1.]
projection_matrix:
  rows: 3
  cols: 4
  data: [1428.22351,    0.     ,  705.51167,    0.     ,
            0.     , 1433.85596,  377.10324,    0.     ,
            0.     ,    0.     ,    1.     ,    0.     ]
